%YAML:1.0
pose_0: !!opencv-nd-matrix
   sizes: [ 1, 18, 3 ]
   dt: f
   data: [ 4.71819702e+02, 3.11536957e+02, 7.12409973e-01, 0., 0., 0.,
       0., 0., 0., 0., 0., 0., 0., 0., 0., 0., 0., 0., 0., 0., 0., 0.,
       0., 0., 0., 0., 0., 0., 0., 0., 0., 0., 0., 0., 0., 0., 0., 0.,
       0., 0., 0., 0., 4.31385956e+02, 2.74961578e+02, 8.36964548e-01,
       5.16142395e+02, 2.77650818e+02, 7.89556682e-01, 3.71471680e+02,
       3.12829590e+02, 7.59780526e-01, 5.50061462e+02, 2.97204559e+02,
       2.03453138e-01 ]
